%YAML:1.0
mean: !!opencv-matrix
   rows: 1
   cols: 54
   dt: f
   data: [ 5.17796166e-02, 4.67082746e-02, 6.05935864e-02,
       6.40238822e-02, 6.60634413e-02, 1.08822949e-01, 1.14487052e-01,
       1.41692966e-01, 1.23207681e-01, 1.14175968e-01, 6.91079721e-02,
       7.35361725e-02, 8.04207325e-02, 5.74149527e-02, 6.23412840e-02,
       1.28173143e-01, 1.03506826e-01, 1.15774117e-01, 1.15051121e-01,
       1.37428805e-01, 1.95187077e-01, 1.90268889e-01, 2.00384453e-01,
       1.94994077e-01, 1.98869869e-01, 1.48184389e-01, 1.36669248e-01,
       1.50289476e-01, 1.31891355e-01, 1.47410795e-01, 8.33534822e-02,
       7.06175044e-02, 7.00341463e-02, 5.68094030e-02, 6.95523620e-02,
       1.40665069e-01, 1.40931129e-01, 1.57252207e-01, 1.37404710e-01,
       1.40658811e-01, 8.27753767e-02, 7.27679431e-02, 9.35755000e-02,
       8.64801034e-02, 9.37464684e-02, 4.28702384e-01, 4.27912861e-01,
       4.27585274e-01, 4.29316491e-01, 4.28530842e-01, 4.28155512e-01,
       4.30080771e-01, 4.29227501e-01, 4.29065406e-01 ]
eig_vec: !!opencv-matrix
   rows: 25
   cols: 54
   dt: f
   data: [ 1.74058689e-04, -4.60492301e-04, -7.22295663e-04,
       1.56471552e-03, 1.86405692e-03, -1.42950984e-03, -2.31841975e-03,
       -3.28166585e-04, 3.22187017e-03, 1.70419214e-03, -2.43463763e-03,
       -1.72663864e-03, -1.44252932e-04, 8.42399022e-04, -2.71049561e-04,
       -2.45653396e-03, -2.36789486e-03, -1.48570549e-03, 2.01762863e-03,
       3.00996518e-03, -2.25020642e-03, -2.34348560e-03, 7.01308600e-04,
       5.71491849e-03, 3.97555763e-03, -3.52147780e-03, -2.44701398e-03,
       1.48707506e-04, 3.73288267e-03, 2.64799339e-03, -2.06561456e-03,
       -1.73554069e-03, -1.29612652e-03, -9.11342446e-04,
       -5.61553112e-04, -2.61835731e-03, -2.56191869e-03,
       -6.22079067e-04, 2.58153840e-03, 2.60820799e-03, -1.02283654e-03,
       -9.88065847e-04, 5.33812965e-07, 3.98319308e-03, 3.86084034e-03,
       3.33006710e-01, 3.33950281e-01, 3.32213253e-01, 3.33892465e-01,
       3.34800929e-01, 3.33192766e-01, 3.32687527e-01, 3.33686799e-01,
       3.32217932e-01, -5.79084307e-02, 3.31352092e-02, 1.01515941e-01,
       3.87729406e-02, -8.07263181e-02, -1.21094652e-01, 9.54258218e-02,
       2.57990301e-01, 1.08453937e-01, -1.25988826e-01, -7.60695860e-02,
       5.36901355e-02, 1.39496863e-01, 4.45538908e-02, -7.00258240e-02,
       -2.02069968e-01, 7.08564520e-02, 2.01806396e-01, 5.97347431e-02,
       -2.19146609e-01, -2.24998519e-01, 1.25831038e-01, 2.93088019e-01,
       1.16003640e-01, -2.30558336e-01, -2.09193930e-01, 8.82051587e-02,
       2.50187337e-01, 8.37736726e-02, -2.20129505e-01, -1.32265657e-01,
       4.08839881e-02, 1.20539032e-01, 3.48525494e-02, -1.09704964e-01,
       -1.90174207e-01, 1.12847231e-01, 2.80074567e-01, 9.11090076e-02,
       -2.11261943e-01, -1.21603884e-01, 5.68682104e-02, 1.62877724e-01,
       4.09359410e-02, -1.54923201e-01, 1.81152392e-03, 2.47767195e-03,
       -2.77500367e-03, 1.18324917e-03, 1.90052704e-03, -3.04165808e-03,
       1.20894937e-03, 1.88653916e-03, -2.61710538e-03, -2.87023149e-02,
       -5.34715578e-02, 1.91788618e-02, 1.41753256e-01, 1.07870653e-01,
       -7.92519748e-02, -1.76370889e-01, -7.32298940e-04, 2.02536017e-01,
       1.38231456e-01, -6.91034198e-02, -1.39651448e-01, -2.71948781e-02,
       6.48232251e-02, 5.39438464e-02, -1.44597739e-01, -1.80732280e-01,
       1.13586057e-02, 2.34062761e-01, 1.73503488e-01, -1.88280731e-01,
       -2.84211934e-01, 4.74129198e-03, 2.91588813e-01, 1.82881296e-01,
       -1.71650350e-01, -2.45387420e-01, -1.18328389e-02, 2.06834242e-01,
       1.33236676e-01, -1.48943305e-01, -1.52925417e-01, -7.05685653e-03,
       8.76539722e-02, 4.94807623e-02, -2.08953038e-01, -2.63490021e-01,
       9.44469683e-03, 2.46493518e-01, 1.30654067e-01, -1.02741539e-01,
       -1.15139425e-01, 1.93225220e-02, 1.69706121e-01, 1.04740851e-01,
       -3.74303758e-03, -3.35006369e-03, -5.84457675e-03,
       -3.84394033e-03, -3.47763253e-03, -6.38875086e-03,
       -4.43943450e-03, -3.97043582e-03, -6.47115847e-03, 4.83021257e-04,
       -1.28919922e-03, 1.86257326e-04, -1.26576924e-03, 5.66047500e-04,
       -4.35642619e-03, -6.79213321e-03, 1.64465699e-03, 4.72232094e-03,
       2.55575380e-03, -2.89207418e-03, -4.56047850e-03, -4.75232053e-04,
       2.27832212e-03, 1.69222779e-03, 9.63744067e-04, -2.11912114e-03,
       -8.19986686e-04, -7.49796769e-03, -4.22554510e-03,
       -6.04106626e-03, -7.82787800e-03, -3.02984472e-03,
       -3.01079592e-03, -4.79122438e-03, -1.67563569e-03,
       -1.03374477e-02, -2.45705969e-03, 3.78539087e-04, -1.57208109e-04,
       -1.88924361e-03, -5.56771352e-04, -1.05393375e-03,
       -5.72729670e-03, -6.27218885e-03, -6.26844727e-03,
       -9.60945676e-04, 1.53576036e-03, -6.93037966e-03, -1.52159361e-02,
       -4.16563498e-03, -2.09305529e-03, 5.37749380e-04, -2.49023270e-03,
       -7.95046613e-03, -3.70472729e-01, -6.11154735e-02, 4.34003204e-01,
       -3.75180364e-01, -6.09757528e-02, 4.38737601e-01, -3.73936534e-01,
       -6.26775324e-02, 4.34706092e-01, 9.98500502e-04, -2.55232095e-03,
       1.67908822e-03, 1.20776391e-03, 7.46048099e-05, -1.85843935e-04,
       -9.27774049e-03, 2.48880970e-04, 5.94909629e-03, 1.39847829e-03,
       2.87846243e-03, -5.52525511e-03, -2.19853921e-03, 2.28579901e-03,
       2.20738398e-03, 2.27519404e-03, -2.24819826e-03, 1.70996180e-03,
       -3.49910883e-03, -5.71693014e-03, -3.25970072e-03,
       -9.50104790e-04, 1.05813262e-03, -6.77455624e-04, -4.43778839e-03,
       3.80912051e-03, -5.56317763e-03, 3.43387801e-04, 3.47192772e-03,
       3.53236776e-03, 9.45112144e-04, -2.74387014e-04, -2.50770769e-04,
       -3.69083695e-03, -4.81869653e-03, 1.27386942e-04, 6.20146748e-04,
       4.92973300e-03, -3.21595068e-03, -6.35638135e-03, 1.92921725e-04,
       -7.55072106e-04, 3.88799096e-03, -7.83261901e-04, -1.11557276e-03,
       2.88386703e-01, -4.64648694e-01, 1.80169523e-01, 2.88369477e-01,
       -4.67740864e-01, 1.80178791e-01, 2.87202805e-01, -4.67440724e-01,
       1.80572182e-01, 1.67305872e-01, 8.89814049e-02, -3.66431735e-02,
       -1.79684833e-02, 1.33394882e-01, 3.97053450e-01, 1.49860144e-01,
       -2.50090450e-01, -6.37914613e-02, 3.01728755e-01, 2.59586424e-01,
       2.31315289e-02, -2.23705351e-01, 8.00605572e-04, 2.37202272e-01,
       3.62783694e-03, 2.35762909e-01, 8.92734006e-02, -1.18919341e-02,
       -1.07063182e-01, 8.90556201e-02, 1.28356263e-01, 2.55893078e-02,
       4.89752889e-02, 6.20794185e-02, 4.99740057e-02, -3.65465991e-02,
       -1.12746306e-01, 1.50665671e-01, 1.39225647e-01, -1.84890673e-01,
       1.34181842e-01, 1.44471243e-01, 2.41430309e-02, -1.75270677e-01,
       -1.97020456e-01, 7.38419816e-02, 1.34266406e-01, 1.27726510e-01,
       -1.64019272e-01, -1.62966013e-01, -4.82203141e-02, 3.32094207e-02,
       1.38016760e-01, -9.27383006e-02, -3.91161651e-04, 1.00705726e-03,
       -1.08209474e-03, -6.04463916e-04, 5.59005421e-04, -1.28746952e-03,
       -7.52271735e-05, 3.26545420e-03, 3.32258758e-04, -1.08347632e-01,
       4.58073281e-02, 1.47055835e-01, -5.00294343e-02, -1.80537552e-01,
       -3.01004704e-02, 2.73219466e-01, 8.80063102e-02, -2.99282938e-01,
       -2.71700919e-01, 7.67569020e-02, 1.58210889e-01, -9.71114859e-02,
       -1.59875706e-01, -5.60782850e-02, -2.39984930e-01,
       -8.58852523e-04, 2.28401214e-01, 6.57705963e-02, -1.30541220e-01,
       -5.09162322e-02, 1.25052063e-02, 1.33510269e-02, -4.43629846e-02,
       -5.33302799e-02, 1.77392349e-01, 3.93212251e-02, -2.13972390e-01,
       -1.43429309e-01, 1.84589162e-01, -1.69186324e-01, -7.54533485e-02,
       1.22454815e-01, 7.15670586e-02, -1.07934186e-02, -1.25476584e-01,
       -2.24390671e-01, -2.86294278e-02, 1.89556673e-01, 1.75967902e-01,
       1.05962053e-01, -1.09809421e-01, -2.20452785e-01, 6.79768473e-02,
       2.76259899e-01, -3.00113182e-03, -5.54856705e-03, 4.97276522e-03,
       -1.33082911e-03, -4.06620232e-03, 6.85627712e-03, -4.16764029e-04,
